hgm	v	f_veg	f_h20	f_h40	f_h60	f_h80	f_h95	f_p20	f_p40	f_p60	f_p80	f_p95	cont_1	corr_1	savg_1	svar_1
16.5	181.65	14.41	9.21	11.86	13.999	16.029	17.779	35.204	56.122	72.959	87.755	97.449	28.45236588	0.081902504	10.39170647	116.2854156
16.1	149.19	30.159	10.134	11.474	12.605	13.485	14.615	28.977	49.432	67.614	84.659	96.591	13.46674156	0.089679718	13.74172401	173.973587
12.63	221.98	11.009	9.809	11.33	12.548	13.858	15.47	31.443	51.546	69.588	85.567	96.907	9.699121475	0.215459317	15.51640129	221.5658722
19.42	198.39	32.824	14.954	17.344	18.904	21.232	22.893	35.227	54.545	71.591	86.364	97.727	18.38184929	0.20288603	10.66001987	115.8141022
14.29	270.63	3.6	9.906	10.926	11.987	12.847	13.836	26.141	47.303	66.39	84.232	96.266	5.700157642	0.158938229	14.44939899	188.5217133
12.63	135.11	19.024	8.068	9.38	10.24	11.39	13.21	27.711	48.795	68.072	85.542	96.988	7.228055	-0.007301167	13.85416508	172.1835022
11.74	130.77	18.132	8.368	9.527	10.667	12.477	14.017	32.886	53.02	71.141	86.577	97.315	15.37695313	0.319518775	13.46283722	178.2733307
16.58	267.35	19.209	11.822	13.253	14.173	15.311	16.572	25.175	46.154	65.734	83.916	96.503	2.538266182	0.077571802	12.83684063	147.1856842
15.6	145	30.488	11.147	12.579	13.349	14.458	15.748	27.485	47.953	66.667	84.211	96.491	9.099338532	0.115431584	12.93841457	151.4572601
25.8	362.01	36.68	14.37	17.431	20.412	22.82	24.092	33.537	54.268	71.341	86.585	96.951	19.03924179	0.11961741	11.38440228	126.7184372
8.2	53.84	39.231	4.903	5.823	6.912	7.352	9.242	34.177	54.43	72.152	87.342	97.468	5.679985046	0.278340936	17.17378998	271.7960205
14.96	113.18	38.889	9.609	10.529	11.708	12.879	14.458	27.972	48.951	67.832	85.315	96.503	5.821504593	0.315134317	13.94044113	178.2862549
14.5	208.68	22.159	8.982	10.901	12.341	13.651	14.971	32.847	54.015	70.803	86.131	97.08	7.161569595	0.20816046	12.11781788	133.0917511
24.1	370.47	12.245	16.131	19.243	20.692	22.031	23.771	31.628	51.628	68.837	85.116	96.744	17.11115456	0.163722843	11.40688133	126.6810989
13.14	125.73	16.8	8.367	10.209	11.469	12.937	14.549	32.212	52.885	70.673	86.538	97.115	13.6413269	0.395013511	14.17331886	197.4630127
26.51	318.29	3.689	18.139	22.268	23.868	25.308	27.058	43.83	60	74.468	87.66	97.021	23.82104492	0.15495263	15.39688015	230.568985
14.57	121.64	36.434	10.367	11.468	13.307	14.708	16.917	30.488	51.22	69.512	86.585	97.561	9.168012619	0.177898958	12.56630802	143.4677124
18.14	347.5	11.673	13.784	15.723	17.203	20.124	23.564	30.396	51.101	70.044	86.344	97.357	26.22892189	0.316602379	9.950353622	125.0688248
19.9	321.76	19.149	13.912	16.851	18.182	20.461	21.893	27.193	49.123	67.544	85.088	96.491	18.93491554	0.110978454	8.980919838	83.61184692
16.46	217.7	24.194	12.694	14.195	15.016	16.157	17.597	25.532	46.809	65.957	84.043	96.809	9.199287415	0.037486766	13.77413368	171.2168732
19.34	220.93	27.679	13.949	15.13	15.858	16.919	18.38	25.926	45.679	65.432	83.951	96.296	3.701981068	0.15738447	12.10547638	131.0357666
23.6	327.19	21.705	14.202	17.053	18.681	21.352	22.923	31.683	52.475	70.297	86.139	97.03	12.89728355	0.020711482	8.600730896	69.19715881
12.14	117.4	22.261	6.942	8.232	9.151	10.331	11.461	29.091	50.455	69.091	85.455	96.818	7.456086636	0.143756077	14.22809792	184.0428162
8.75	72.04	28.947	5.602	6.421	7.453	8.292	9.942	29.63	50.617	70.37	86.42	97.531	6.963511944	-0.016543271	13.34642601	158.9757233
17.4	167.32	32.331	11.703	12.832	14.291	15.292	16.763	26.667	47.778	66.667	84.444	96.667	7.035312176	0.130332664	13.00537109	151.6737823
14.83	242.95	9.155	9.758	10.867	12.288	13.887	15.778	27.132	48.837	68.217	85.271	96.899	12.20814896	0.16847375	14.57587337	196.0134583
20.49	195.49	11.742	14.539	18.39	20.72	22.349	25.25	39.485	57.94	73.391	87.554	97.425	26.87238312	0.318107605	15.27996731	245.2991638
10.3	125.01	20	7.172	8.161	9.141	9.83	10.892	31.548	51.786	69.643	85.714	97.024	11.08385277	0.322650522	17.46783066	285.6941833
18.55	305	8.444	13.419	15.028	15.988	16.968	18.108	31.068	50	67.961	84.466	96.602	7.629416466	0.184327766	13.57727814	166.8521576
19	197.31	23.387	11.587	13.167	14.577	15.867	18.187	26.316	47.368	67.368	85.263	96.842	8.347058296	0.078655869	13.95872307	175.8302612
14.64	138.64	20.319	9.445	10.593	11.525	12.613	14.053	26.5	47.5	67	84.5	96.5	11.53894043	0.124786027	13.99315262	179.5343628
7.99	53.33	21.402	3.828	4.757	5.477	6.457	7.709	30.986	53.052	71.362	87.324	97.183	4.409589768	0.142040372	15.66614246	223.2819214
25.4	370.36	27.092	16.183	18.043	20.834	23.003	25.094	31.148	51.366	69.945	85.792	96.721	31.91201591	0.093162112	11.39052963	139.741745
21.8	270.78	18.11	12.083	15.653	17.803	20.784	25.193	36.538	56.731	73.558	87.981	97.596	15.6079998	0.183108851	9.387307167	89.15496826
14.15	159.39	20.69	9.64	11.62	12.769	13.758	15.11	33.152	52.717	70.109	85.87	96.739	8.772848129	0.174671352	14.1394186	181.5895538
10.52	123.7	9.677	7.274	8.114	8.694	9.465	11.245	26.339	47.321	66.518	84.375	96.875	3.691935062	0.141019583	16.43346405	248.0938873
14.25	175.92	10.593	9.14	10.45	11.121	12.271	14.1	27.962	48.815	67.773	84.834	96.682	11.72527981	0.168513566	14.58489037	195.7763214
25.6	286.1	28.571	15.522	17.691	20.771	22.211	24.311	30.588	51.765	69.412	85.882	97.647	22.45147133	0.301835388	13.04325199	178.69487
15.8	151.89	32.847	10.528	12.029	13.018	14.079	15.029	26.087	47.283	66.304	84.239	96.196	10.79961014	0.140509531	14.11678505	182.2991486
20.58	259.44	22.222	16.421	18.611	19.71	21.042	22.241	28.571	49.451	67.033	84.615	96.703	4.056065083	0.057739928	13.19773769	155.5732269
11.33	165.42	6.25	8.149	9.38	9.92	10.831	11.709	25.714	46.667	66.667	84.762	96.19	2.668003321	0.078304492	12.04074669	128.9605103
16.55	170.35	15.116	8.336	10.275	11.354	12.644	13.823	31.05	51.598	69.863	85.845	96.804	12.73968315	0.068576679	15.54027748	221.1196442
14.18	243.59	11.486	11.197	12.356	12.938	13.716	14.556	26.718	47.328	65.649	83.969	96.183	7.797059059	0.243506044	15.54322815	221.8640137
12.46	120.62	18.182	7.132	8.721	10.351	12.011	12.992	34.444	55.556	73.333	87.778	97.778	8.377672195	0.17651923	14.95796013	203.2540283
18.59	188.14	29.365	14.338	15.876	16.957	18.127	19.996	37.079	53.933	70.787	86.517	97.753	14.49066067	0.132913202	15.22097111	215.0773773
18.23	272.22	8.56	12.649	15.081	16.381	18.011	19.83	30.213	50.638	68.936	85.532	97.021	33.04730988	0.220955312	15.30567455	245.614502
19.26	251.07	13.821	14.253	15.692	17.003	18.223	19.042	29.245	49.057	67.925	84.906	96.226	9.531447411	0.091001481	13.75182343	170.9209137
11.67	96.11	24.561	5.018	6.438	7.729	8.379	9.719	33.721	54.651	72.093	87.209	97.674	12.74371052	0.103507094	14.65546131	197.4923706
27.15	437.46	16.183	13.98	18.571	21.01	23.331	26.52	35.149	54.95	71.782	87.129	97.03	39.21277618	0.144765735	11.06796741	147.0512695
11.47	106.24	30.973	8.861	10.282	11.021	11.831	13.47	30.769	51.282	69.231	85.897	97.436	17.28855515	-0.017219119	14.17547798	184.9164886
21.2	278.89	31.25	15.053	18.363	20.353	22.224	23.803	31.313	51.515	69.697	85.859	96.97	22.14955902	0.20453167	8.77963829	90.14901733
17.67	211.74	20.8	13.645	14.526	15.705	16.934	18.935	27.273	47.475	66.667	84.848	96.97	14.38126087	0.205949351	14.99825192	210.6205597
20.68	266.19	30.519	16.398	17.888	18.977	19.809	21.618	29.439	48.598	66.822	84.112	96.729	8.352599144	0.521303892	13.27738094	171.6432648
18.38	151.29	26.563	9.191	12.901	14.972	16.351	18.202	37.234	56.915	72.872	87.234	97.34	6.39015913	0.05450552	12.61246014	142.1254425
15.5	257.51	15.068	10.112	11.971	13.341	15.163	16.972	28.226	50	68.548	85.484	96.774	22.29858398	0.12305022	11.21526623	126.8848953
13.97	168.35	3.077	9.368	10.637	11.477	13.568	16.657	28.571	50	69.841	86.508	97.619	9.429614067	0.010545652	13.88347626	174.246048
9.27	80.22	18.577	6.913	8.144	8.945	9.895	11.993	29.612	50.485	69.417	85.922	97.087	8.899756432	0.32746318	18.20326996	311.6217651
17.11	190.29	28.099	12.716	13.826	15.515	16.366	17.655	27.586	48.276	67.816	85.057	96.552	6.518397808	0.117552742	16.87800598	259.9243469
10.54	52.53	14.167	5.462	6.592	7.591	8.792	10.322	32.039	53.398	71.845	87.379	97.087	1.998202801	0.018131062	12.66918373	144.504425
17.09	256.84	13.043	12.231	14.591	16.32	17.279	18.591	33	53	70	86	97	6.383698463	0.383839935	13.02476406	155.7956848
17.42	216.99	16.541	10.722	13.561	15.872	18.382	22.773	35.135	55.856	72.973	88.288	98.198	26.37998581	0.246080414	14.56543064	217.2489929
9.5	99.61	24.771	5.251	6.081	6.741	7.751	8.751	28.049	48.78	68.293	85.366	97.561	1.811336875	0.000967046	10.08469009	89.4329834
23.83	370.67	15.172	11.836	15.447	19.006	21.228	24.068	34.959	56.098	73.171	87.805	97.561	31.53662682	0.08706826	9.980072022	112.9176331
14.56	229.9	5.714	10.281	11.341	12.042	12.872	13.981	24.675	45.887	65.368	83.55	96.104	8.761938095	0.202430904	16.07572937	236.2556
7.95	63	38.462	6.02	6.65	7.281	7.831	8.842	28.125	50	68.75	85.938	96.875	1.989195585	0.04533672	9.76849556	83.26143646
14.5	127.12	22.271	6.215	8.566	10.175	11.756	13.735	35.393	56.18	73.596	88.202	97.753	22.08719826	0.087800399	11.18287468	124.1129608
16.91	205.31	11.688	10.55	11.822	13.118	14.2	15.672	31.863	51.961	69.608	85.784	97.059	5.105629921	0.403305352	15.94658661	234.1021729
22.8	322.11	19.708	18.225	19.005	20.063	21.334	22.394	29.091	48.182	66.364	84.545	96.364	21.63315964	0.046089396	12.95518112	160.0563507
15.4	130.75	20.661	8.86	10.64	12.001	13.57	15.051	34.375	54.167	71.354	86.979	96.875	9.122420311	0.103803188	13.99904919	177.2407837
19.9	342.2	20.455	14.072	15.793	17.264	18.904	21.382	27.619	48.571	67.619	84.762	97.143	19.69259834	0.02431621	9.594682694	90.70253754
14.13	134.34	32.669	10.79	11.93	12.939	13.881	15.159	26.036	47.337	66.272	84.024	96.45	9.275042534	0.018546375	11.95330238	127.8196182
19.6	295.81	8.621	12.281	13.79	15.411	16.779	19.71	29.245	50	68.396	85.377	96.698	21.81570053	0.013992522	11.62367058	129.9067383
21.25	298.79	5.556	13.409	18.068	20.087	22.137	25.197	35.686	54.902	71.765	86.667	97.255	15.60691357	0.291221023	12.21547985	147.9325714
12.32	110.77	33.065	8.458	9.638	10.459	11.328	12.118	28.916	49.398	67.47	84.337	96.386	10.25709152	0.151537865	15.63532829	224.0124512
15.83	163.03	29.804	12.009	13.138	14.418	15.709	16.909	25.698	46.927	65.922	83.799	96.648	8.369431496	0.132998109	13.64254379	168.0928802
11.8	138.48	22.794	8.805	10.045	10.964	12.304	14.485	26.667	48.571	67.619	85.714	97.143	9.108722687	0.169656903	13.02936172	153.9415436
20.04	250.98	25.758	13.976	16.115	17.485	19.186	20.575	30.612	50	68.367	85.714	96.939	21.51040649	0.091042541	11.32798195	127.4348526
13.1	99.1	18.487	8.17	9.491	10.89	11.941	13.151	28.866	50.515	69.072	85.567	96.907	6.162518024	0.07737428	11.97607517	127.4133835
15.65	138.98	27.119	10.367	11.367	12.946	14.747	16.677	26.744	48.837	68.605	86.047	96.512	4.712103844	0.043230526	12.01852322	128.0843048
11.65	110.03	12.712	7.566	9.834	11.225	12.795	15.796	37.864	57.282	73.786	88.35	98.058	16.83914948	0.325284869	8.482446671	86.12649536
18.85	223.2	8.584	11.116	13.244	14.336	15.835	16.864	31.925	51.643	69.014	85.446	96.714	11.51874161	0.26206097	13.46022987	169.9341431
15.39	140.93	31.667	10.341	12.12	13.402	14.411	16.31	30.488	51.22	69.512	85.366	97.561	6.760462761	0.251141638	12.97724152	152.3896637
17.7	182.43	23.529	12.804	14.194	15.154	16.854	17.655	26.923	47.115	66.346	84.615	96.154	9.827407837	0.071918845	11.92085648	128.0510559
23.37	389.7	31.944	17.322	19.743	21.351	22.612	24.582	34.694	53.061	70.408	85.714	96.939	28.81807137	0.123431452	9.954011917	111.7267075
16	174.78	26.582	11.26	12.15	13.401	14.609	15.729	25	46.552	66.379	84.483	96.552	11.56863785	0.002381859	13.86919308	174.0329742
13.2	135.13	17.647	7.542	8.821	9.771	11.01	12.54	29.524	50.476	69.048	85.714	97.143	14.23506165	0.21381861	14.26424694	191.7122955
16.28	293.94	6.838	11.093	12.854	14.273	15.615	18.294	28.44	49.541	67.89	85.321	97.248	20.1174469	0.332477778	10.77254581	129.4962769
26.3	394.32	13.617	15.924	19.054	20.874	23.185	25.334	31.034	51.724	69.458	85.714	96.552	25.47358704	0.260471135	13.68275642	195.0840607
22.9	359.76	21.721	14.483	17.384	20.724	22.484	26.683	32.984	53.927	71.728	86.911	97.382	20.42024612	0.371489734	10.48334694	128.282608
14.3	77.26	52.419	7.915	9.674	10.755	11.686	12.975	30.508	50.847	69.492	86.441	96.61	14.16767025	0.139883161	13.82921124	177.7077332
21.65	230.78	25.108	11.211	13.7	14.84	16.551	18.95	31.214	52.023	69.942	86.127	97.11	22.18593025	0.299405187	10.96453667	134.1150513
16.1	164.21	26.423	12.7	14.04	15.11	16.301	17.671	25.967	46.961	66.298	83.978	96.685	5.042050362	-0.052005656	12.06807899	128.7816467
8.85	73.3	27.523	4.36	5.699	6.949	7.748	8.639	34.177	54.43	72.152	87.342	97.468	12.97201729	-0.024701044	14.34762764	186.8794861
15.81	188.08	12.903	9.574	11.276	13.045	14.705	16.826	32.407	53.704	71.296	87.037	97.222	12.36350632	0.259535819	15.41553211	223.2458801
11.94	155.15	9.821	7.04	8.231	8.761	9.911	10.841	26.733	48.515	67.327	85.149	97.03	2.33605957	0.051263116	12.19124794	132.8235626
15.62	190.01	18.966	12.211	13.212	13.861	14.551	15.921	28.723	47.872	67.021	84.043	96.809	5.405066967	0.065284096	13.08966255	152.9362183
12.12	78.33	9.302	6.735	8.034	8.955	9.743	10.675	29.06	50.427	68.803	85.47	97.009	3.704467773	0.1084987	16.46047974	246.9620972
11.01	142.84	18.182	6.852	8.141	9.613	10.812	12.453	31.624	52.991	70.94	87.179	97.436	5.118094921	0.198713109	13.26191616	159.5006714
18.84	224.83	19.492	9.4	12.19	14.13	16.91	18.152	34.737	55.263	72.632	87.368	97.368	8.396774292	0.308225811	13.86257267	176.7530518
15.2	141.7	27.843	11.211	12.41	13.64	14.592	16.331	26.087	47.283	66.304	84.239	96.739	9.905220032	0.076550677	12.52748871	141.4724731
25.02	305.33	18.443	16.414	20.603	23.284	25.784	28.175	34.673	54.271	71.357	86.432	96.985	15.64022541	0.301452011	14.25672817	197.601532
24.2	381.94	27.419	15.502	17.754	19.854	22.553	24.022	28.889	50	68.889	85.556	96.667	32.4131813	0.129899368	12.0003233	155.6971741
21	375.6	11.382	14.666	16.106	17.886	19.296	20.936	27.523	48.624	66.972	84.404	96.33	13.7546978	0.328770101	11.95149803	141.0774689
7.26	56.36	26.383	3.917	4.959	5.958	6.858	7.698	32.948	54.913	72.254	87.283	97.11	2.832243204	0.24439919	13.71750641	169.8797455
10.4	62.81	11.382	7.101	7.962	8.661	9.401	11.112	26.606	47.706	66.972	85.321	97.248	2.235395908	-0.029711852	13.82421494	173.0635986
16.5	136.24	36.842	12.172	13.234	14.363	15.164	17.054	25	45.238	65.476	83.333	96.429	7.911962986	0.187624857	14.4088707	188.4141083
17.67	183.21	34.082	13.481	14.76	15.642	16.65	18.63	27.841	48.295	67.045	84.091	96.591	6.889532566	0.134868667	13.83468246	172.7230835
13.93	137.04	27.6	8.301	9.74	11.319	13.079	14.74	29.834	51.934	70.166	86.74	97.238	10.9789238	0.078796558	15.41460991	218.2235565
16.3	241.49	13.025	10.271	12.74	14.27	16.009	17.649	31.401	52.174	70.048	85.99	97.101	18.4214344	0.154441312	14.7017765	205.3492279
25.12	394.42	26.573	14.667	18.008	19.398	21.507	23.207	31.429	51.429	69.524	85.714	97.143	33.48641586	-0.007714901	14.19052505	198.4066467
13.4	161.11	14.224	8.316	10.726	12.086	13.486	15.887	35.176	55.779	72.362	87.437	97.487	13.65350246	0.225907952	17.08258057	273.8413696
7.35	35.42	31.405	3.167	3.989	5.349	6.817	8.119	33.133	57.229	75.301	89.157	97.59	2.474984169	0.31023401	14.7025032	196.091156
8.66	67.48	23.504	4.228	5.388	6.338	6.968	8.698	32.402	53.631	71.508	87.151	97.765	6.355284214	0.112405039	15.04255104	205.135025
12.7	79.12	23.577	6.086	7.755	9.005	10.556	11.895	34.043	55.319	72.34	88.298	97.872	11.83962631	0.182243899	15.33209801	217.1427002
15	125.53	49.004	10.068	11.018	11.937	13.037	14.189	27.344	48.438	67.188	84.375	96.875	6.082373142	0.151577145	13.95837402	175.5886536
14.6	123.36	34.711	12.269	13.51	14.679	16.43	18.4	31.646	51.899	69.62	86.076	97.468	5.332116127	0.453929275	11.81550694	129.0263062
16.9	214.8	29.508	11.429	13.289	14.409	14.88	16.159	31.395	51.163	68.605	84.884	96.512	11.74545479	0.234798387	11.68660259	128.5390778
16.46	174.73	22.449	9.886	14.057	15.616	18.537	20.976	42.982	61.404	76.316	89.474	98.246	20.93156815	0.088916153	13.69109154	178.8863983
9.24	70.72	46.296	5.582	6.321	6.82	7.631	8.411	29.31	50	68.966	86.207	96.552	3.312484503	0.123452045	10.64959621	99.33366394
12.5	86.68	48.75	9.362	10.791	11.741	14.251	15.912	31.707	52.033	70.732	86.992	97.561	5.574795246	0.504488587	12.63522816	148.9920349
28.41	399.78	34.513	17.9	21.431	23.32	25.349	27.239	29.73	50.676	68.243	85.135	96.622	11.35872269	0.206022993	9.811616898	91.60491943
24.5	448.02	23.022	17.071	19.595	21.711	23.192	25.713	30.841	50.467	69.159	85.047	97.196	24.92720604	0.139406398	9.824999809	105.7006454
17.11	151.15	27.5	7.824	10.614	12.655	13.614	15.664	34.483	55.172	72.414	87.356	97.701	13.41973209	0.227271259	15.59794998	228.3505402
17.04	127.91	33.898	10.791	12.22	13.729	14.5	15.65	33.333	52.564	70.513	85.897	97.436	1.869899631	0.16635792	10.28706551	93.66163635
16.05	183.67	6.25	8.235	11.385	13.596	15.895	17.796	39.487	59.487	75.385	88.718	97.436	15.75944519	0.340132743	12.34288025	154.1056519
14.68	120.85	35.714	9.761	12.191	13.94	15.551	17.691	36.111	55.556	72.222	87.5	97.222	26.45797348	0.1379015	12.6251545	162.6311188
21.55	257.39	17.361	16.338	18.25	20.138	21.101	22.509	33.613	52.101	69.748	85.714	96.639	4.270587921	0.221024394	13.59322453	165.2233276
19.7	202.03	21.875	10.735	12.554	14.085	15.524	17.243	32	52	70	86	97	13.1053896	0.203420013	12.56027031	148.3671417
19.83	226.02	25.517	13.631	14.863	16.002	17.422	18.403	27.778	48.148	66.667	84.259	96.296	8.024037361	0.045012496	14.35928631	185.8345642
13.43	200.23	6.55	10.792	12.031	13.4	14.831	16.532	28.972	49.533	68.224	85.514	96.729	11.71442986	0.28826505	13.92025948	182.0499115
19.85	390.99	15.672	15.068	16.808	18.086	19.768	22.027	29.204	49.558	68.142	84.956	96.46	21.56123734	0.16962795	13.13249779	170.1983185
8.8	97.79	30.702	7.461	8.291	8.881	10.181	11.211	26.582	48.101	67.089	84.81	97.468	10.07448196	0.004766459	14.51209164	190.6334229
15.9	172.62	34.694	11.51	12.842	13.751	14.792	16.07	28.125	48.438	67.188	84.375	96.875	9.612508774	0.157294661	13.30864334	161.4811707
19.5	267.5	23.6	11.1	13.761	16.772	18.371	20.901	32.461	53.927	71.728	86.911	97.382	15.42483139	0.221126944	12.93645	160.4363708
15.7	157.25	33.333	10.865	12.176	13.306	14.346	16.525	29.268	50	68.293	85.366	97.561	14.45602989	0.209615842	12.85588264	156.8974304
17.64	217.73	25.439	10.781	12.273	13.551	14.602	16.011	28.235	49.412	68.235	84.706	96.471	4.760098934	0.10628964	12.74215031	145.3815155
10.78	92.4	26.667	6.205	7.304	8.255	9.485	11.235	30.303	51.515	70.707	86.869	96.97	7.476320267	0.044648666	14.02950954	177.375061
12.58	131.97	21.531	7.038	8.868	9.828	10.709	12.208	31.707	52.439	70.122	85.976	96.951	10.60836887	0.041275777	14.54255867	191.8256836
14.35	110.3	45.69	10.151	11.421	12.63	13.86	15.021	30.159	50.794	69.841	85.714	96.825	8.179751396	0.491066635	11.09485817	121.6487503
20.2	101.66	42.636	13.771	15.551	16.841	18.86	20.15	39.189	56.757	72.973	87.838	97.297	14.0687151	0.155125782	12.31389236	142.0805969
27	372.73	20.661	12.21	16.71	20.809	23.378	25.218	38.542	59.375	75	88.542	97.917	29.37584686	0.244837776	14.16852665	211.2462769
12.23	138.89	27.007	7.853	8.991	10.402	11.363	12.073	34	54	71	86	97	17.13801575	0.203077376	13.33377075	171.160553
14.8	171.29	28.512	10.234	11.505	12.504	13.613	15.103	27.168	47.977	67.052	84.971	96.532	10.11784554	0.061973482	14.22588921	183.3237457
16.5	187.18	21.739	11.399	12.65	14.24	14.961	15.611	31.111	51.111	68.889	85.556	96.667	13.70728302	0.138952985	14.89753342	205.7317352
10.33	118.35	23.77	6.667	7.567	8.458	9.078	10.737	29.032	50.538	68.817	86.022	96.774	7.446698189	0.326197803	15.27926731	215.1363373
11.95	169.65	12.444	8.529	10.349	11.079	12	13.079	33.503	52.792	69.543	85.787	96.954	8.373778343	0.257880211	17.26775169	275.2440186
15.33	151.68	21.61	8.125	10.216	11.437	12.805	14.285	34.595	54.595	71.351	87.027	97.297	11.5462532	0.164421916	15.07359886	209.0074768
18.77	234.58	22.556	12.084	14.284	16.133	17.893	19.883	37.379	56.311	72.816	87.379	97.087	24.9383831	0.124104507	11.16691685	129.3698578
24.24	352.35	22.807	16.759	18.179	19.498	21.088	23.129	27.273	47.727	66.364	84.091	96.364	7.266051292	0.537037075	12.19256115	144.0022125
14.6	170.02	7.08	9.939	11.349	12.601	14.139	16.019	31.429	51.429	69.524	86.19	97.143	7.018404007	0.284770489	14.61888504	196.2411652
14.45	212.64	4.869	10.699	11.98	13.309	14.868	16.449	28.346	49.213	68.504	85.433	96.85	5.088228226	0.254596114	14.62611103	192.5160065
13.55	266.95	5.882	10.991	12.03	13.101	14.799	16.56	30.357	50.893	69.643	85.714	97.321	6.585368156	0.108908802	12.44378757	138.6347961
22.72	286.21	21.212	15.697	17.296	18.216	19.697	21.066	36.538	53.846	70.192	86.538	97.115	12.3742485	0.107285626	13.66074848	170.8728485
15.42	116.71	13.415	7.048	8.51	9.799	13.018	19.739	32.864	55.399	74.178	89.671	98.122	9.139969826	0.277110159	17.41074753	281.9173584
17.34	220.02	24.299	11.576	13.757	15.266	16.545	18.467	30.864	51.852	69.136	86.42	97.531	5.350759983	0.354425162	14.79301929	200.1858063
23	285.15	26.241	16.061	18.451	19.531	20.691	22.301	29.808	50	67.308	84.615	97.115	7.649218559	0.135877758	11.95238304	128.5023804
25.82	286.36	16.105	19.229	20.769	22.307	24.637	26.817	31.696	50.893	68.75	85.268	96.875	7.525568962	0.358429909	14.25504494	187.9708252
10.46	58.5	24.324	5.071	5.922	6.681	8.07	9.432	32.143	53.571	71.429	88.095	97.619	6.627414227	0.047799546	15.07538795	205.9009094
8.8	56.1	39.375	6.13	6.889	7.608	8.75	9.718	29.897	50.515	69.072	86.598	96.907	4.547420025	0.152366266	14.32224655	184.6467743
9.33	52.12	19.917	5.424	6.385	7.545	8.764	9.524	30.052	51.813	70.466	86.528	96.891	9.956144333	0.211887509	16.79862022	260.6662903
9.75	112.07	22.222	8.598	9.259	10.478	11.789	13.649	29.524	50.476	69.524	85.714	97.143	11.34018803	0.138889372	11.68412876	125.3270645
9.1	77.32	32.143	6.232	6.791	7.411	8.151	9.112	27.632	48.684	67.105	85.526	97.368	1.970353484	0.115344405	12.22050762	133.55896
28.52	380.78	19.481	16.998	20.218	22.929	24.749	26.628	41.398	58.602	74.194	87.634	97.312	13.97882652	0.258414567	13.55213833	175.284317
24.18	282.5	21.008	17.408	19.747	21.477	23.127	24.347	46.277	61.702	75.532	88.298	97.34	7.823694706	0.323297679	14.78209686	201.1631775
6.7	55.3	26.613	4.662	5.182	5.461	6.252	7.191	28.571	49.451	68.132	85.714	96.703	2.929784775	0.075904645	11.51473999	117.4382629
19.23	249.97	26.523	10.481	14.6	16.42	18.431	20.85	38.537	58.049	73.659	87.805	97.561	28.35263634	0.22425589	10.96736336	137.8131104
15.3	152.8	23.148	10.939	13.059	14.279	15.52	16.359	35.542	54.217	71.084	86.145	96.988	10.91366863	0.193973392	12.41381741	142.795517
26.6	461.94	17.949	19.818	22.799	24.438	26.899	29.009	31.696	51.339	68.75	85.268	96.875	24.44388962	0.186673984	10.75247955	125.0488663
23.2	262.67	45.669	15.784	18.873	20.932	22.323	23.874	36.232	55.072	72.464	86.957	97.101	14.48100948	0.269730955	6.745522976	56.91086578
9.97	98.51	21.805	6.093	7.301	8.291	9.012	10.311	31.731	51.923	70.192	86.538	97.115	10.79424667	0.102148354	14.90893459	202.7155151
17.04	175.23	30.8	11.629	13.089	14.077	15.668	16.687	26.012	46.821	66.474	84.393	96.532	5.84269619	0.044399917	13.23118782	156.285141
17.89	305.7	5.263	12.839	14.519	15.95	18.48	21.901	30.093	50.926	69.444	86.111	97.222	7.229627609	0.209348023	13.75414848	171.8979034
9.8	76.71	35.398	6.432	7.422	8.252	9.182	11.271	30.137	50.685	69.863	86.301	97.26	2.341201544	0.117701888	12.1773777	132.39534
18.83	311.36	19.38	11.811	14.412	16.293	17.982	21.262	33.654	53.846	71.154	86.538	97.115	9.058019638	0.65334034	13.47553062	191.8391266
18.16	178.08	7.821	13.138	14.439	15.37	17.108	18.74	28.485	48.485	67.273	84.848	96.97	1.322509646	0.311720789	11.10831451	110.4813843
19.25	226.14	12.195	10.941	13.372	15.373	17.102	19.301	33.333	53.704	71.296	87.037	97.222	13.81941795	0.202370569	16.98992348	269.5548096
11.09	100.51	12.406	6.881	8.412	9.611	10.7	12.381	33.906	54.506	71.674	86.695	96.996	2.752503634	0.094022438	10.8393898	103.3236771
18.5	214.34	43.529	12.381	15.121	16.731	17.921	21.39	34.028	54.167	71.528	86.806	97.222	17.34633446	0.173136532	11.88617897	136.98526
17.8	161.9	30	11.89	13.522	14.71	15.97	17.581	30.357	50.595	68.452	85.119	96.429	11.44105434	0.132467523	13.30191994	161.8979034
6	16.05	59.821	3.121	3.511	3.792	4.331	5.241	26.667	48.889	68.889	86.667	97.778	1.466020346	0.065261476	10.69370842	101.1249924
19.09	278.54	12.598	13.992	15.963	17.141	19.353	22.322	32.432	52.252	70.27	86.486	97.297	17.18659782	0.346566677	14.79506302	216.8101501
8.05	54.56	48.148	5.542	6.802	7.422	8.421	10.08	28.571	51.786	69.643	85.714	98.214	14.08307076	0.287839443	14.45009708	199.61409
21.65	259.94	17.391	16.669	18.131	19.469	20.811	21.921	26.316	46.964	65.992	83.806	96.356	4.73012352	0.259188443	12.44783401	139.3161469
9.5	57.94	48.413	6.621	7.4	8.202	8.989	9.93	33.846	52.308	70.769	86.154	96.923	5.157669544	0.149589583	15.36332703	214.8480835
13.83	273.06	15.953	11.551	13.269	15.55	17.691	21.22	32.87	53.704	71.759	87.5	97.222	13.24865532	0.406509519	15.14155388	223.8675537
24.45	387.08	32.389	16.555	19.516	21.206	22.255	23.847	29.94	49.701	67.665	84.431	96.407	6.578757763	0.225833386	14.69411659	196.4258118
13.12	63.78	31.2	7.03	8.621	9.759	13.809	14.73	34.884	56.977	74.419	89.535	97.674	2.192753792	0.209327206	14.36485672	188.3396759
22.2	279.36	11.245	16.629	19.141	20.969	23.58	25.669	29.412	50.226	68.778	85.52	96.833	27.09085083	0.066636421	12.88621807	164.9987488
14.97	144.31	30.556	12.091	13.452	14.631	15.631	17.71	25.143	46.857	66.286	84	96.571	8.340368271	0.146046817	13.3422451	161.0040741
13.39	101.96	39.063	6.601	8.052	9.152	10.543	13.253	30.769	52.564	70.513	87.179	97.436	13.65454865	0.369388759	14.1816864	196.2449493
14.56	188.43	11.962	8.87	9.53	10.44	11.422	12.31	27.174	47.826	67.391	84.783	96.739	10.22024632	0.486177713	13.02786541	169.0775757
14.6	107.2	25.292	9.23	10.83	12.01	12.79	14.431	33.854	53.125	70.313	85.938	96.875	11.60727406	-0.004681681	11.88248539	127.0937042
16.63	281.11	16.239	11.301	13.199	14.23	15.139	16.588	29.592	50	67.347	84.694	96.939	2.299308062	0.22562246	12.12571049	130.9142761
10.68	70.7	38.211	7.221	8.461	9.49	10.461	12.312	31.579	52.632	71.053	86.842	97.368	4.710649014	0.133562669	14.04177094	178.2374115
11.97	155.22	0.389	9.225	10.125	10.835	11.735	12.785	25	46.094	65.625	83.594	96.484	3.601011515	0.228131056	16.75774384	257.4897766
25	447.06	13.974	17.194	19.925	22.073	23.784	25.624	35.025	53.807	71.066	86.294	96.954	16.05845833	0.379907548	12.94754791	170.8173676
17.78	185.04	40.476	12.925	14.236	15.915	17.105	18.576	25.333	48	66.667	84	97.333	13.8238554	0.140612721	14.35649109	191.1778259
19.09	238.71	5.882	9.267	11.647	15.138	17.247	19.997	32.031	55.469	73.438	87.5	97.656	19.37649918	0.175818846	13.67473602	181.1479034
17.93	199.19	29.73	13.266	14.407	15.257	16.486	18.208	25.641	47.436	66.667	84.615	96.154	1.937870503	0.133442983	11.78478241	123.3609085
25.7	401.99	37.838	16.247	19.416	21.997	24.958	26.556	30.435	51.087	69.565	85.87	96.739	36.3780632	0.069707364	11.48270988	144.711731
13.87	104.57	45.763	9.796	10.546	11.637	12.455	14.145	28.125	48.438	67.188	85.156	96.875	12.66327095	0.084563233	14.27815342	186.7660828
24.7	403.06	9.774	10.948	13.168	17.417	20.357	23.916	33.333	55.833	74.167	88.333	97.5	30.73444939	0.234320581	11.9920969	162.7229919
13.6	111.38	44.71	8.199	9.278	10.178	11.248	12.558	26.543	47.531	66.667	84.568	96.914	7.105623245	0.169879377	13.51200676	165.0050049
20.62	257.07	24.771	14.419	16.38	18.26	20.62	22.56	31.098	51.829	69.512	85.976	96.951	8.852725029	0.287439942	11.76181316	128.8226166
24	370.6	25.362	18.792	20.322	21.693	23.001	24.361	26.214	46.602	66.019	83.495	96.117	17.33325768	0.218326971	12.65849209	156.7054443
24.23	417.15	3.906	17.72	20.158	22.098	23.828	25.02	30.894	51.22	69.106	85.366	96.748	39.18872452	0.263068706	16.78291321	301.7955322
6.39	53.05	20.4	4.442	6.041	7.632	9.182	11.561	35.176	56.784	74.874	88.945	97.99	2.190177441	0.290525317	16.63930511	254.1578369
16.5	121.35	43.75	9.548	10.947	12.028	13.089	14.728	27.407	48.889	67.407	85.185	97.037	8.947698593	0.145479724	13.33749294	161.4475403
30.5	412.88	3.529	12.188	18.549	22.588	25.528	27.749	38.211	59.35	75.203	88.211	97.561	15.91707993	0.230642706	16.22227669	249.4785919
19	242.45	12.054	10.41	12.86	14.569	16.629	19.37	34.518	54.822	72.081	87.31	97.462	10.66258526	0.139487326	12.34525108	139.7311401
28.65	416.36	22.368	18.058	21.489	23.348	25.059	26.949	37.853	55.932	71.751	86.441	97.175	23.59114456	0.259304762	11.85321712	150.6513214
14.9	157.83	31.206	11.111	12.19	13.239	14.619	15.68	25.773	46.392	67.01	84.536	96.907	11.50631046	0.016792491	13.54759789	166.2275085
16.4	163.32	39.007	12.492	13.571	14.301	15.112	16.543	24.419	45.349	65.116	83.721	96.512	8.278328896	0.09913601	12.4422226	139.0001831
15.3	110.1	24.314	10.155	11.255	12.615	13.463	14.555	28.497	49.223	67.358	84.456	96.373	13.91236496	0.022604689	12.98233032	154.0024261
9.67	75.81	28	4.732	6.251	7.192	8.191	10.223	32.222	53.889	71.667	87.222	97.222	6.339859486	0.155964837	14.46443558	189.6247101
16.66	142.07	36.134	11.079	12.346	13.386	14.847	15.686	26.316	47.368	67.105	84.211	97.368	13.97560406	0.124254644	14.24589634	187.7026215
22.93	335.18	30.35	18.307	19.978	21.118	21.997	22.787	29.05	48.045	66.48	83.799	96.089	15.04655075	0.054711778	12.50532341	144.8568115
15.89	168.7	25.095	11.075	12.293	13.225	14.204	15.305	27.411	47.716	66.497	84.264	96.447	11.59447765	0.255291045	13.25842857	164.6383972
20.91	244.43	25.203	12.816	14.385	15.476	16.435	18.456	30.435	50	68.478	84.783	96.739	14.57859516	0.005731516	15.24353695	212.5169373
22.2	207.93	21.898	13.16	15.9	18.101	19.93	21.63	39.252	57.944	73.832	87.85	97.196	4.519320488	0.269502789	11.17800426	111.0315018
28.67	405.41	15.328	18.828	21.559	23.208	24.828	26.27	36.207	54.31	70.69	86.207	96.552	10.82317543	0.502993524	11.59691048	139.3008423
17.71	165.41	36.774	11.057	13.327	14.836	16.686	18.456	30.612	52.041	70.408	86.735	96.939	23.46665192	0.124322742	12.57147598	157.1391449
22.4	274.31	12.033	13.979	17.161	19.56	21.88	23.71	31.132	52.358	70.283	86.321	96.698	33.82838821	0.126286373	13.45363903	189.4976654
13.5	111.63	27.027	9.539	10.677	11.788	13.15	14.478	26.984	48.148	67.725	84.656	96.825	10.50667	0.048646778	15.11943626	207.531311
13.46	89.64	51.748	8.76	10.681	12.299	12.99	13.999	33.333	53.623	71.014	85.507	97.101	18.50001144	0.115730554	14.24747849	191.8768463
26.18	414.66	10.177	15.903	18.924	21.104	22.995	25.423	30.049	50.739	68.966	85.222	96.552	27.69714355	0.1125196	13.34497261	178.8963623
22.8	321.9	2.033	12.389	14.187	15.747	18.698	24.127	27.801	49.793	69.295	86.722	97.095	36.97988129	0.142778665	10.68903732	136.8391113
19.89	175.57	25.112	9.841	12.901	15.36	18.001	19.411	34.731	55.689	73.054	87.425	97.006	11.48256302	0.272842526	14.05484867	184.8602905
11.41	145.23	7.203	9.227	10.198	11.178	12.718	15.028	29.68	50.685	69.406	86.301	96.804	2.742442846	0.244955391	15.79747677	226.8544312
17.42	216.95	9.167	10.267	11.777	13.187	14.068	15.748	34.862	54.128	70.642	86.239	97.248	10.42830467	0.16103749	14.12586021	182.7105408
25.69	284.53	34.874	12.719	16.821	18.841	20.909	23.5	32.903	54.194	71.613	86.452	97.419	11.51532173	0.373409063	12.17510319	144.0214233
16.11	115.55	45.902	11.036	11.646	13.008	14.107	15.388	24.242	46.97	66.667	84.848	96.97	6.243803024	0.116397873	11.98655128	128.7780914
18.7	230.65	10.145	12.75	14.34	16.679	18.429	19.509	31.452	51.613	70.161	86.29	96.774	2.263903856	0.111923382	14.65197849	195.7104492
18.2	207.1	22.951	13.375	14.714	16.224	17.036	18.385	29.787	50	68.085	85.106	96.809	10.39718056	0.553046405	17.40454865	298.9286194
24.08	420.49	4.184	17.149	18.708	21.099	22.849	26.359	27.074	48.472	67.686	84.716	96.943	26.42057037	0.250885248	14.97906494	229.572403
20.66	278.83	24.242	15.879	18.18	19.489	20.98	22.959	28	48.5	67	84.5	96.5	9.205471039	0.286107004	10.17269802	97.66291809
26.6	371.49	17.054	13.962	16.401	19.53	22.28	24.97	32.71	53.738	71.495	86.916	97.196	13.59815407	0.353751957	8.582075119	82.86140442
22.78	300.29	24.138	16.562	19.081	20.682	21.902	23.362	39.773	56.818	72.727	87.5	97.727	5.933032036	0.152664766	11.43931866	116.4658432
23.64	357.91	37.121	15.963	18.363	20.472	22.132	24.363	28.916	49.398	67.47	85.542	96.386	26.48909569	0.114149839	8.572649956	87.53731537
16.41	132.4	51.852	12.284	13.614	15.023	15.603	16.555	27.692	49.231	67.692	84.615	96.923	11.58649921	0.122273818	13.65368557	170.6589661
10.2	43.34	40	5.341	6.121	7.333	8.232	9.322	29.487	51.282	70.513	87.179	97.436	8.481266022	0.244783148	17.40153122	280.1790466
12.31	123.16	5	7.547	8.645	9.405	10.396	11.766	29.825	50	68.421	85.526	96.93	8.317051888	0.287866026	16.62613869	255.2311707
20.5	226.6	10.563	13.199	14.899	16.58	18.368	20.068	30.709	51.181	69.291	85.827	96.85	2.532402039	0.216341764	13.91572762	174.5167542
14.33	168.09	18.468	11.65	12.47	13.44	14.969	16.27	31.492	50.829	69.061	85.635	96.685	7.826051235	0.128148273	12.35001469	136.8831482
19.28	192.72	34.737	13.39	14.91	16.111	17.301	19.061	27.957	48.387	67.204	84.409	96.774	6.475456238	0.338875473	15.8695631	230.6250153
25.6	502.82	21.834	13.789	17.009	19.62	21.84	24.15	34.637	54.19	71.508	87.151	97.207	33.34432983	0.051042981	11.60995483	142.4415283
12.84	196.29	3.333	9.131	10.151	10.9	11.83	12.771	26.054	46.743	66.284	83.908	96.552	9.878429413	0.564062059	13.45409775	184.8876343
23.9	240.45	17.094	13.141	17.231	19.071	21.783	23.743	38.144	56.701	73.196	87.629	97.938	20.61174011	0.221049517	11.82381058	142.8196869
17.8	150.2	44.628	12.421	13.42	14.021	15.1	16.391	28.358	49.254	67.164	85.075	97.015	7.668616295	0.093312047	12.2903614	135.3676147
12.94	132.68	26.957	5.87	8.22	10.049	11.199	12.419	38.095	58.333	75	88.095	97.619	16.23446655	0.416386694	15.80510712	248.7181702
10.59	113.93	26.389	7.159	8.339	9.471	10.579	12.13	29.245	50.943	68.868	85.849	97.17	5.250849724	0.2155689	10.61422634	99.90284729
16.08	212.18	21.371	10.295	11.555	12.554	13.684	14.745	32.308	51.282	69.231	85.641	96.923	12.99422932	0.100822486	12.71737957	148.9197083
16.1	160.81	30.328	9.898	11.036	12.506	13.858	16.127	28.235	49.412	69.412	85.882	97.647	10.28881931	0.331574589	11.25029182	121.1814575
16.57	178.79	20.332	11.619	12.8	13.68	14.689	15.919	27.083	47.396	66.146	83.854	96.354	12.05924511	0.101548702	13.6236763	170.4184265
10.65	85.63	31.667	4.259	5.848	6.859	8.138	10.078	34.146	56.707	73.78	88.415	97.561	3.818982363	0.331279069	16.07502747	235.6276703
19.3	171.97	27.049	14.54	15.971	16.95	17.93	19.141	30.899	50	67.978	84.831	96.629	3.830819607	0.123381123	13.39463711	161.0283966
13.53	195.16	11.952	9.042	10.883	12.791	13.749	15.161	33.032	53.394	71.041	86.425	96.833	14.53616619	0.181036249	12.60464859	150.1542969
23.9	341.94	16.601	14.35	16.831	18.41	20.221	22.18	29.858	50.237	68.246	85.308	96.682	16.65071869	0.177153274	12.77836704	156.2243042
18.13	187.93	16.239	11.635	13.155	14.345	15.395	17.034	29.592	50	68.367	84.694	96.939	8.308075905	0.261689484	14.9605751	206.244812
21.91	193.1	47.085	12.65	14.989	17.189	19.219	20.819	33.898	54.237	71.186	86.441	97.458	8.855146408	0.362610579	10.33316708	102.9692459
23.55	289.99	29.915	16.93	18.43	20.202	21.59	22.9	32.927	51.22	69.512	85.366	97.561	3.194870949	0.419119954	13.09455204	154.6500397
10	51.46	49.541	5.272	7.122	7.681	8.95	10.072	34.545	56.364	72.727	87.273	98.182	14.78267288	0.119717725	13.63579273	173.0058136
14.25	145.23	31.897	10.951	11.821	12.582	13.533	14.422	25.316	46.835	65.823	83.544	96.203	2.322201252	0.126513496	11.08715343	108.259346
18.26	247.2	19.835	12.035	13.423	14.634	15.805	17.153	28.866	49.485	68.041	84.536	96.907	6.98424387	0.098180972	13.39241886	161.326355
13.84	167.36	19.492	10.051	11.672	12.661	14.171	15.021	28.421	49.474	68.421	85.263	96.842	6.447094441	0.492705882	14.03485775	185.0732422
23.7	168.31	16.335	13.56	15.84	18.359	20.299	22.231	33.333	53.81	70.952	86.667	97.143	27.43008804	0.314146578	12.72605038	181.3510284
7.2	39.66	55.357	4.751	5.601	6.211	7.391	7.731	34	54	72	88	98	4.607372284	0.158593044	14.85552406	199.606781
13.36	117.19	29.771	8.709	9.769	10.689	11.669	13.119	27.717	48.37	67.391	84.783	96.739	10.42287445	0.04958541	14.38068008	187.8074951
17.58	197.76	8.065	8.641	11.211	12.749	14.21	16.01	37.281	56.579	72.807	87.281	97.368	23.9305172	0.171610966	11.97592163	147.4033051
16.65	156.97	37.815	10.488	11.498	12.268	13.718	15.287	25.676	47.297	66.216	85.135	97.297	10.74516964	-0.041441195	13.9702673	175.5986328
12.32	109.66	37.037	8.52	10.39	11.63	12.559	14.139	36.765	54.412	72.059	86.765	97.059	4.166750431	0.240398645	11.31490994	113.6512146
10.13	102.63	17.901	8.06	9.22	10.049	10.879	11.84	27.82	48.12	66.917	84.962	96.992	3.87378335	0.319699943	14.91375637	202.0188293
23.59	350.46	13.223	13.032	16.971	19.022	21.841	23.482	35.238	55.238	71.905	87.143	97.143	14.50918961	0.318374217	11.69941616	136.4716797
30.55	472.56	18.367	17.084	20.263	22.834	25.474	28.303	33.5	53.5	71	86.5	97	17.68161201	0.210584357	12.56624126	154.4800262
12.57	130.37	17.164	7.669	9.378	10.319	11.738	12.759	31.532	52.252	70.27	86.486	97.297	12.60667038	0.1699799	13.75451088	175.1302643
13.77	164.96	33.028	10.02	11.169	12.299	13.619	14.97	30.137	50.685	68.493	86.301	97.26	7.084395886	0.20512192	10.44008732	97.84164429
23.35	444.59	6.667	18.243	19.813	21.403	22.634	23.793	26.984	47.619	65.873	84.127	96.032	31.64818573	0.352424473	11.9026022	176.8438416
22.88	294.33	20.161	16.816	17.846	18.945	20.097	21.426	31.313	50.505	67.677	84.848	96.97	17.75712204	0.223637402	12.8210001	160.8412476
18.2	256.41	15	13.41	15.729	16.74	18.719	20.77	33.333	52.941	69.608	86.275	97.059	3.639578342	0.259880513	13.13677979	154.0291901
17.67	163.33	28.692	10.39	13.471	15.642	16.652	17.541	36.095	55.621	72.189	86.391	97.041	6.552259445	0.218589127	12.21498966	134.9165039
13.97	113.73	21.456	6.556	8.287	9.765	10.916	12.306	34.146	54.634	72.195	87.317	97.073	17.83858681	0.120934978	13.80800724	180.0015411
11.34	88.86	48.649	6.781	8.191	9.081	10.322	11.081	28.07	50.877	68.421	85.965	96.491	15.83475876	0.061739143	12.81629658	152.5103607
17.24	158.8	30.597	8.481	11.693	14.532	16.982	19.073	36.559	58.065	75.269	88.172	97.849	11.93083668	0.393617421	17.10465431	278.620575
18.61	206.9	10.983	11.848	13.71	15.299	16.79	19.319	29.87	50.649	68.831	85.714	96.753	9.570579529	0.465049803	17.22186279	281.9372559
7.76	79.58	7.547	4.918	5.879	6.649	7.589	8.939	29.796	51.429	70.204	86.531	97.143	5.000037193	0.173364773	16.0291481	234.3744965
13.79	122.2	32.773	11.218	12.408	13.598	14.839	17.709	27.5	48.75	68.125	85.625	96.875	10.8595295	0.240258247	13.37749958	166.1352997
21.4	317.74	19.679	14.991	17.862	20.281	21.841	24.871	33	53	70.5	86	97	14.93553162	0.155319586	10.35340309	103.7793427
14.23	126.48	32.479	10.182	11.532	12.722	13.701	15.601	34.177	53.165	70.886	86.076	97.468	7.281338692	0.063163005	11.65168953	120.7937088
19.6	242.57	34.737	13.53	15.641	17.17	18.511	19.94	29.57	50	68.28	84.946	96.774	9.390018463	0.12447314	11.99683666	130.2364502
28.71	477.72	27.869	17.764	20.083	22.364	23.984	25.784	28.409	48.864	68.182	85.227	96.591	11.74835396	0.234672666	5.692374229	41.21246719
9.29	59.87	35.135	5.601	6.242	7.152	7.692	8.911	27.778	50	68.056	86.111	97.222	3.050141335	0.116369866	11.81265354	123.9461823
11.23	160.94	12.281	8.4	9.18	10.12	11.089	12.161	29	49	68	85	97	2.331673622	0.107281052	11.05571461	107.4021912
19	221.13	28.571	13.39	15.1	16.409	18.031	20.68	26.5	48	67	85	96.5	5.78314209	0.249613032	14.7519865	197.4627075
21.64	390.46	14.388	17.685	18.725	20.176	21.106	23.516	31.933	50.42	68.067	84.874	96.639	18.42984009	0.231023461	11.35602856	130.4157715
10.8	132.25	15.349	6.82	8.05	8.87	10.3	11.429	31.868	52.747	70.33	86.264	97.253	3.280350924	0.023974367	10.99848557	106.6422882
18.65	251.24	28.07	12.92	13.961	14.691	15.391	17.311	24.39	45.122	64.634	84.146	96.341	7.136086941	0.274141491	13.93516254	177.075531
13.8	138.67	12.5	8.022	10.162	11.241	12.622	14.762	35.714	55.102	72.449	87.755	97.959	24.55812263	0.125240594	12.69989777	161.2823334
15.82	128.1	40.8	10.621	11.701	12.631	14.03	15.251	28.378	48.649	67.568	84.459	96.622	10.00265789	0.294591516	12.37503815	143.3722534
12.11	202.84	12.34	8.681	9.932	11.042	11.92	13.112	28.155	49.029	67.961	84.951	96.602	15.8226738	0.00312896	14.813941	201.4678955
14.94	117.49	39.37	9.078	10.599	12.068	13.88	15.69	29.87	51.948	70.13	87.013	97.403	6.437846184	0.452247351	10.659132	107.6515656